0 0
0 0
0 0
0 0
0 0
0 0
0 0
0 0
0 0
0 0
0 0
0 0
0 0
0 0
0 0
0 0
0 0
0 0
0 0
0 0
7071 7071
-7071 7071
-7071 -7071
-7071 -7071
-7071 7071
7071 -7071
7071 7071
-7071 -7071
-7071 -7071
7071 7071
-7071 7071
7071 7071
7071 7071
7071 7071
7071 -7071
-7071 7071
-7071 -7071
-7071 -7071
-7071 -7071
-7071 -7071
7071 7071
7071 -7071
7071 7071
7071 7071
-7071 -7071
7071 -7071
-7071 7071
7071 -7071
-7071 7071
-7071 7071
-7071 7071
7071 7071
-7071 -7071
-7071 -7071
7071 7071
7071 -7071
-7071 7071
-7071 -7071
-7071 -7071
7071 7071
7071 7071
-7071 7071
-7071 7071
7071 -7071
-7071 -7071
-7071 7071
-7071 7071
7071 7071
-7071 7071
-7071 7071
7071 7071
7071 7071
-7071 -7071
7071 -7071
-7071 7071
-7071 7071
7071 7071
-7071 -7071
-7071 -7071
7071 7071
-7071 -7071
-7071 -7071
7071 7071
7071 7071
7071 7071
-7071 7071
-7071 -7071
-7071 -7071
-7071 7071
7071 -7071
7071 7071
-7071 -7071
-7071 -7071
7071 7071
-7071 7071
7071 7071
7071 7071
7071 7071
7071 -7071
-7071 7071
-7071 -7071
-7071 -7071
-7071 -7071
-7071 -7071
7071 7071
7071 -7071
7071 7071
7071 7071
-7071 -7071
7071 -7071
-7071 7071
7071 -7071
-7071 7071
-7071 7071
-7071 7071
7071 7071
-7071 -7071
-7071 -7071
7071 7071
7071 -7071
-7071 7071
-7071 -7071
-7071 -7071
7071 7071
7071 7071
-7071 7071
-7071 7071
7071 -7071
-7071 -7071
-7071 7071
-7071 7071
7071 7071
-7071 7071
-7071 7071
7071 7071
7071 7071
-7071 -7071
7071 -7071
-7071 7071
-7071 7071
7071 7071
-7071 -7071
-7071 -7071
7071 7071
-7071 -7071
-7071 -7071
7071 7071
7071 7071
-7071 7071
-7071 7071
-7071 7071
7071 -7071
7071 7071
-7071 -7071
-7071 7071
7071 7071
7071 7071
7071 -7071
7071 -7071
7071 7071
7071 7071
7071 7071
-7071 -7071
-7071 7071
-7071 7071
7071 -7071
7071 -7071
7071 -7071
-7071 -7071
7071 -7071
7071 -7071
-7071 7071
7071 7071
7071 7071
-7071 -7071
7071 -7071
-7071 7071
7071 -7071
-7071 7071
7071 7071
7071 7071
-7071 7071
-7071 -7071
7071 -7071
-7071 7071
-7071 7071
-7071 -7071
-7071 7071
7071 -7071
7071 -7071
-7071 7071
7071 -7071
-7071 7071
-7071 7071
7071 7071
-7071 7071
-7071 -7071
-7071 7071
7071 -7071
7071 7071
-7071 7071
-7071 -7071
7071 -7071
7071 7071
-7071 7071
7071 -7071
-7071 7071
-7071 -7071
-7071 7071
-7071 7071
7071 -7071
-7071 7071
