0 0
0 0
0 0
0 0
0 0
0 0
0 0
0 0
0 0
0 0
0 0
0 0
0 0
0 0
0 0
0 0
0 0
0 0
0 0
0 0
-2357 2357
2357 -2357
2357 2357
-2357 -2357
2357 -2357
-2357 2357
-2357 2357
-2357 2357
2357 -2357
-2357 2357
-2357 -2357
-2357 -2357
2357 -2357
2357 -2357
-2357 -2357
2357 -2357
-2357 -2357
-2357 -2357
-2357 -2357
-2357 2357
-2357 2357
2357 2357
-2357 2357
2357 2357
-2357 2357
-2357 -2357
-2357 2357
2357 2357
2357 -2357
-2357 -2357
-2357 -2357
2357 -2357
-2357 2357
2357 -2357
2357 2357
2357 -2357
-2357 2357
2357 -2357
2357 2357
2357 2357
-2357 2357
-2357 -2357
-2357 -2357
-2357 2357
2357 2357
2357 -2357
2357 -2357
2357 2357
-2357 -2357
2357 -2357
2357 -2357
-2357 2357
2357 2357
2357 2357
2357 -2357
-2357 -2357
2357 2357
2357 -2357
-2357 -2357
2357 2357
-2357 2357
-2357 -2357
-2357 -2357
2357 -2357
-2357 -2357
2357 2357
-2357 2357
-2357 -2357
-2357 2357
2357 2357
-2357 -2357
2357 -2357
-2357 -2357
-2357 2357
2357 -2357
-2357 2357
-2357 -2357
2357 2357
2357 -2357
-2357 2357
2357 -2357
-2357 2357
-2357 2357
-2357 2357
2357 -2357
-2357 -2357
2357 -2357
-2357 -2357
2357 2357
2357 2357
2357 2357
2357 -2357
-2357 2357
2357 -2357
2357 -2357
2357 2357
2357 2357
2357 -2357
-2357 2357
-2357 2357
2357 2357
-2357 2357
-2357 -2357
2357 2357
2357 -2357
-2357 -2357
2357 -2357
-2357 -2357
-2357 2357
-2357 2357
-2357 2357
-2357 2357
-2357 2357
-2357 2357
-2357 2357
2357 2357
2357 2357
2357 -2357
2357 -2357
-2357 -2357
2357 -2357
2357 2357
2357 -2357
-2357 2357
2357 -2357
2357 2357
2357 -2357
-2357 2357
-2357 2357
2357 -2357
2357 2357
-2357 -2357
2357 -2357
-2357 2357
-2357 2357
-2357 2357
2357 -2357
-2357 2357
-2357 -2357
-2357 -2357
2357 -2357
2357 -2357
-2357 -2357
2357 -2357
-2357 -2357
-2357 -2357
-2357 -2357
-2357 2357
-2357 2357
2357 2357
-2357 2357
2357 2357
-2357 2357
-2357 -2357
-2357 2357
2357 2357
2357 -2357
-2357 -2357
-2357 -2357
2357 -2357
-2357 2357
2357 -2357
2357 2357
2357 -2357
-2357 2357
2357 -2357
2357 2357
2357 2357
-2357 2357
-2357 -2357
-2357 -2357
-2357 2357
2357 2357
2357 -2357
2357 -2357
2357 2357
-2357 -2357
2357 -2357
2357 -2357
-2357 2357
2357 2357
2357 2357
2357 -2357
-2357 -2357
2357 2357
2357 -2357
-2357 -2357
2357 2357
-2357 2357
-2357 -2357
-2357 -2357
2357 -2357
-2357 -2357
2357 2357
-2357 2357
-2357 -2357
-2357 2357
2357 2357
-2357 -2357
2357 -2357
-2357 -2357
-2357 2357
2357 -2357
-2357 2357
-2357 -2357
2357 2357
2357 -2357
-2357 2357
2357 -2357
-2357 2357
-2357 2357
-2357 2357
2357 -2357
-2357 -2357
2357 -2357
-2357 -2357
2357 2357
2357 2357
2357 2357
2357 -2357
-2357 2357
2357 -2357
2357 -2357
2357 2357
2357 2357
2357 -2357
-2357 2357
-2357 2357
2357 2357
-2357 2357
-2357 -2357
2357 2357
2357 -2357
-2357 -2357
2357 -2357
-2357 -2357
-2357 2357
-2357 2357
-2357 2357
-2357 2357
-2357 2357
-2357 2357
-2357 2357
2357 2357
2357 2357
2357 -2357
2357 -2357
-2357 -2357
2357 -2357
2357 2357
2357 -2357
-2357 2357
2357 -2357
2357 2357
2357 -2357
-2357 2357
2357 -7071
-7071 -2357
2357 -7071
7071 2357
7071 -2357
7071 -2357
-7071 2357
7071 2357
2357 -7071
2357 7071
2357 7071
2357 -2357
-7071 -2357
-7071 -2357
2357 -2357
7071 -2357
-7071 7071
7071 2357
2357 -2357
-2357 -7071
-7071 7071
2357 2357
2357 -7071
-2357 -2357
2357 -7071
7071 2357
2357 7071
7071 7071
-2357 -7071
-7071 -2357
-7071 -7071
-2357 7071
-2357 -7071
-2357 2357
7071 -7071
2357 7071
-2357 -2357
2357 -2357
-7071 2357
-2357 -7071
-7071 -7071
2357 -2357
-7071 -7071
-7071 2357
7071 2357
7071 7071
2357 -7071
7071 -2357
-7071 -7071
-7071 7071
7071 -2357
-2357 -2357
7071 -2357
2357 -7071
7071 -7071
-7071 2357
-2357 7071
-2357 -2357
-7071 2357
2357 -7071
-7071 -7071
2357 -7071
2357 2357
-2357 7071
